4419
4426
4429
4430
4434
4436
4440
4443
4447
49
55
57
66
71
75
82
86
90
94
98
4500
05
07
13
19
28
32
39
45
56
62
67
71
74
76
82
85
88
93
95
4606
10
17
20
23
27
28
32
33
37
42
47
48
50
51
52
56
57
59
63
64
70
76
82
84
87
91
4719
28
32
47
50
53
57
61
70
73
74
77
78
82
90
99
4817
4833
35
42
4887
88
98
4900
04
08
12
29
31
33
37
43
45
51
52
53
54
55
58
60
66
69
82
84
92
93
5000
02
04
07
11
18
25
30
34
37
41
44
49
57
61
86
94
5100
05
13
16
20
24
27
28
30
33
42
43
46
55
58
60
61
62
64
67
71
82
87
90
91
92
98
5200
03
08
10
12
14
15
17
19
20
22
24
28
29
31
33
35
37
38
40
42
50
52
55
57
58
60
62
65
5329
43
30
58
64
82
99
5432
33
35
44
60
80
90
98
5505
26
32 m
43
59
79
84
87
5607
10
11
15
36
42
43
72
56
79
82
91
94
97
5705
12
20
31
33
39
45
47
58
63
66
71
78
79
81
86
87
88
92
97
99
5800
06
08
11
15
20
25
35
38
44
50
59
67
69
70
72
81
89
5900
05
14
19
41
46
51
54
57
58
60
64
68
70
72
6005
09
18
27
35
41
53
57
73
76
78
83
94
6110
12
18
21
28
37
40
42
51
59
64
66
68
71
73
76
78
84
90
6201
05
08
22
24
30
32
36
42
43
47
52
58
67
69
70
84
88
89
94
95
6301
11
12
14
15
18
20
27
32
35
37
42
46
47
49
51
52
53
54
55
56
62
63
66
68
70
75
77
81
88
90
96
6404
06
11
13
16
17
19
22
23
25
29
30
34
38
45
47
50
52
54
57
63
69
71
73
85
87cover
95
98
6504
12
14
23
26
31
33
38
44
45
56
61
63
66
77
81
88
90
97
6600
22
38
43
53
57
63
76
78
80
82
86
89
92
94
95
6701
05
21
28
30
32
33
46
58
68
72
74
75
77
78
90
97
99
6800
06
08
26
28
29
33
34
35
51
57
63
66
75
78
95
6904
24
28
36
44
48
49
51
52
56
58
61
84
92
95
97
98
7001
04
09
17
18
31
42
43
48
54
63
69
71
75
77
78
97
7100
02
08
11
25
28
34
48
55
66
7170
73
7255
63
70
74
81
82
91
93
7300
03
11
14
22
26
30
33
35